[array([0.5, 0.5]), array([0.786108, 0.766213]), array([0.509324, 0.672224, 0.305324]), array([0.250628, 0.59373 , 0.622854, 0.05    ]), array([0.242292, 0.89045 , 0.872711, 0.880542]), array([0.683147, 0.544891, 0.407203, 0.817682, 0.076647]), array([0.241025, 0.683264, 0.609997, 0.833195, 0.173365, 0.391061]), array([0.213526, 0.43471 , 0.283977, 0.510215, 0.869933, 0.671704,
       0.264676, 0.265407])]
[array([0.5, 0.5]), array([0.698233, 0.926189]), array([0.299972, 0.056166, 0.474967]), array([0.433973, 0.372814, 0.480541, 0.364847]), array([0.520726, 0.92375 , 0.957539, 0.995516]), array([0.409642, 0.41804 , 0.312205, 0.818542, 0.103561]), array([0.093431, 0.462969, 0.286137, 0.068213, 0.35352 , 0.633206]), array([0.122085, 0.080745, 0.011016, 0.224789, 0.742507, 0.480219,
       0.16568 , 0.248194])]
[array([0.37454 , 0.950714]), array([0.71198 , 0.834464]), array([0.8 , 0.75, 0.4 ]), array([0.402044, 0.411799, 0.423589, 0.426184]), array([0.518037, 0.938867, 0.985634, 0.99    ]), array([0.478267, 0.14518 , 0.61376 , 0.951012, 0.074658]), array([0.021122, 0.455751, 0.197504, 0.153114, 0.360924, 0.773482]), array([0.262563, 0.065531, 0.161972, 0.074335, 0.95    , 0.465611,
       0.139469, 0.226796])]
[array([0.82, 0.18]), array([0.953645, 0.33552 ]), array([0.308827, 0.265255, 0.05    ]), array([0.383288, 0.422349, 0.360947, 0.432722]), array([0.619957, 0.998484, 0.998958, 0.35    ]), array([0.475533, 0.456239, 0.451066, 0.989182, 0.05    ]), array([0.02    , 0.433983, 0.203498, 0.123701, 0.405817, 0.723999]), array([0.053688, 0.005909, 0.149388, 0.031281, 0.822629, 0.495575,
       0.136192, 0.807897])]
[array([0.85, 0.15]), array([0.05    , 0.835151]), array([0.95, 0.88, 0.65]), array([0.381991, 0.436932, 0.408895, 0.44828 ]), array([0.528674, 0.947024, 0.99    , 0.995   ]), array([0.442663, 0.135005, 0.549385, 0.59101 , 0.05    ]), array([0.041934, 0.480055, 0.255043, 0.220831, 0.366187, 0.697708]), array([0.321159, 0.2851  , 0.079277, 0.239005, 0.95    , 0.344383,
       0.123569, 0.830702])]
[array([0.15, 0.85]), array([0.705242, 0.927287]), array([0.347923, 0.240666, 0.856067]), array([0.419279, 0.392373, 0.347504, 0.426759]), array([0.7  , 0.93 , 0.995, 0.985]), array([0.43387 , 0.161633, 0.637343, 0.820279, 0.28681 ]), array([0.02    , 0.471983, 0.280356, 0.241544, 0.343784, 0.676883]), array([0.05575 , 0.282432, 0.053077, 0.163295, 0.909149, 0.525106,
       0.047787, 0.865269])]
[array([0.95, 0.05]), array([0.758503, 0.926485]), array([0.1829  , 0.485694, 0.382493]), array([0.412925, 0.39868 , 0.354213, 0.435595]), array([0.79 , 0.99 , 0.995, 0.975]), array([0.220085, 0.042526, 0.232241, 0.971593, 0.091849]), array([0.02    , 0.479145, 0.235172, 0.183358, 0.339336, 0.646581]), array([0.047269, 0.02    , 0.103   , 0.05118 , 0.903738, 0.535695,
       0.150006, 0.83335 ])]
[array([0.25, 0.75]), array([0.667877, 0.92673 ]), array([0.710655, 0.814307, 0.421289]), array([0.410284, 0.402108, 0.354195, 0.430456]), array([0.85 , 0.985, 0.995, 0.965]), array([0.491522, 0.367616, 0.65125 , 0.76197 , 0.030263]), array([0.02    , 0.467046, 0.262354, 0.258991, 0.296074, 0.695657]), array([0.040562, 0.07925 , 0.122467, 0.097708, 0.885913, 0.508537,
       0.168426, 0.863318])]